SM:2022-12-22T13:03:06.4399040Z
LM:2022-12-22T13:03:07.8594570Z
CT:image/jpeg
MA:604800
CL:53801
