SM:2022-12-22T13:03:06.4399040Z
LM:2022-12-22T13:56:38.9050668Z
CT:image/jpeg
MA:604800
CL:53769
